2.90447e-01  6.88430e-01
2.91175e-01  6.87830e-01
2.68407e-01  6.89130e-01
2.91939e-01  6.88220e-01
2.93194e-01  6.89340e-01
2.95652e-01  6.86510e-01
2.69840e-01  6.88410e-01
2.97167e-01  6.87960e-01
2.60915e-01  6.84500e-01
2.60463e-01  6.85930e-01
2.99986e-01  6.89300e-01
2.88059e-01  6.88540e-01
2.87668e-01  6.88590e-01
2.72748e-01  6.92600e-01
2.86931e-01  6.88820e-01
2.86746e-01  6.89350e-01
2.86010e-01  6.90010e-01
2.59409e-01  6.86960e-01
2.85426e-01  6.89280e-01
2.74386e-01  6.91080e-01
2.67124e-01  6.89000e-01
2.67410e-01  6.89620e-01
2.83861e-01  6.88360e-01
2.83649e-01  6.90490e-01
2.57639e-01  6.88770e-01
2.80474e-01  6.89160e-01
2.80203e-01  6.90710e-01
2.80026e-01  6.90820e-01
2.57016e-01  6.86860e-01
2.79078e-01  6.90460e-01
2.52089e-01  6.85660e-01
2.76318e-01  6.89880e-01
2.63142e-01  6.85270e-01
2.91642e-01  6.88480e-01
2.94831e-01  6.88210e-01
2.69654e-01  6.90710e-01
2.61086e-01  6.84800e-01
2.97836e-01  6.89110e-01
2.98264e-01  6.88420e-01
2.99200e-01  6.89310e-01
2.71680e-01  6.91690e-01
3.00098e-01  6.89020e-01
2.60334e-01  6.85950e-01
2.72585e-01  6.93590e-01
2.59633e-01  6.86500e-01
2.87297e-01  6.90480e-01
2.85809e-01  6.89820e-01
2.74162e-01  6.91920e-01
2.74335e-01  6.90870e-01
2.84170e-01  6.89400e-01
2.83756e-01  6.90340e-01
2.83311e-01  6.90570e-01
2.66325e-01  6.86690e-01
2.58180e-01  6.86940e-01
2.80964e-01  6.90550e-01
2.65478e-01  6.86990e-01
2.79801e-01  6.91020e-01
2.53031e-01  6.86380e-01
2.56775e-01  6.87670e-01
2.51851e-01  6.84870e-01
2.78274e-01  6.91350e-01
2.63610e-01  6.85820e-01
2.76205e-01  6.90020e-01
2.74935e-01  6.92630e-01
2.75097e-01  6.91570e-01
2.63202e-01  6.85240e-01
2.56087e-01  6.88870e-01
2.84650e-01  6.88090e-01
2.67623e-01  6.89420e-01
2.85168e-01  6.90770e-01
2.85849e-01  6.90710e-01
2.68590e-01  6.90060e-01
2.61950e-01  6.82130e-01
2.88408e-01  6.91510e-01
2.88913e-01  6.89780e-01
2.89233e-01  6.89060e-01
2.89776e-01  6.88510e-01
2.90290e-01  6.89330e-01
2.69936e-01  6.88350e-01
2.55008e-01  6.86480e-01
2.92817e-01  6.89060e-01
2.71360e-01  6.91220e-01
2.54773e-01  6.86560e-01
2.93386e-01  6.89350e-01
2.93690e-01  6.88840e-01
2.72098e-01  6.91170e-01
2.94093e-01  6.89590e-01
2.95993e-01  6.88590e-01
2.59802e-01  6.85450e-01
2.96174e-01  6.87970e-01
2.59577e-01  6.86280e-01
2.96331e-01  6.86890e-01
2.97397e-01  6.86620e-01
2.97780e-01  6.89620e-01
2.59018e-01  6.86510e-01
2.53563e-01  6.87010e-01
2.58907e-01  6.85720e-01
2.58750e-01  6.86740e-01
2.58804e-01  6.86800e-01
2.67041e-01  6.88300e-01
2.83259e-01  6.90480e-01
2.53450e-01  6.86190e-01
2.82533e-01  6.88780e-01
2.65997e-01  6.88060e-01
2.57910e-01  6.86070e-01
2.57797e-01  6.87100e-01
2.82369e-01  6.90360e-01
2.65816e-01  6.89200e-01
2.65381e-01  6.88300e-01
2.65040e-01  6.87160e-01
2.80922e-01  6.90770e-01
2.80875e-01  6.90910e-01
2.79905e-01  6.90990e-01
2.80146e-01  6.91260e-01
2.57081e-01  6.85630e-01
2.52620e-01  6.86290e-01
2.64581e-01  6.86840e-01
2.64632e-01  6.87390e-01
2.64353e-01  6.86390e-01
2.77692e-01  6.91180e-01
2.63816e-01  6.86400e-01
2.56671e-01  6.86320e-01
2.76962e-01  6.89550e-01
2.63456e-01  6.86790e-01
2.63358e-01  6.85180e-01
2.63312e-01  6.84770e-01
2.52572e-01  6.86260e-01
2.67857e-01  6.87830e-01
2.84878e-01  6.90080e-01
2.85533e-01  6.89140e-01
2.85950e-01  6.90640e-01
2.86889e-01  6.90010e-01
2.87243e-01  6.90930e-01
2.55637e-01  6.87710e-01
2.87845e-01  6.89200e-01
2.88150e-01  6.89790e-01
2.61448e-01  6.84000e-01
2.61551e-01  6.85290e-01
2.61350e-01  6.84610e-01
2.88354e-01  6.91210e-01
2.70021e-01  6.89940e-01
2.88588e-01  6.90440e-01
2.89065e-01  6.89330e-01
2.89657e-01  6.89800e-01
2.49642e-01  6.84810e-01
2.90147e-01  6.86840e-01
2.60682e-01  6.84950e-01
2.90342e-01  6.88970e-01
2.54558e-01  6.86190e-01
2.70654e-01  6.89380e-01
2.90669e-01  6.89740e-01
2.70896e-01  6.89480e-01
2.91689e-01  6.87850e-01
2.92050e-01  6.88490e-01
2.71168e-01  6.91520e-01
2.92163e-01  6.87960e-01
2.93321e-01  6.89180e-01
2.60023e-01  6.85470e-01
2.71646e-01  6.91490e-01
2.71772e-01  6.92550e-01
2.93955e-01  6.89220e-01
2.59910e-01  6.85360e-01
2.50353e-01  6.86270e-01
2.94303e-01  6.89500e-01
2.50591e-01  6.84670e-01
2.73189e-01  6.93450e-01
2.94989e-01  6.89550e-01
2.73663e-01  6.90870e-01
2.96430e-01  6.86870e-01
2.73875e-01  6.91450e-01
2.74030e-01  6.90820e-01
2.96895e-01  6.87170e-01
2.97461e-01  6.86600e-01
2.59239e-01  6.87370e-01
2.97616e-01  6.88320e-01
2.75306e-01  6.88450e-01
2.50644e-01  6.83500e-01
2.50696e-01  6.83840e-01
2.53665e-01  6.87680e-01
2.97670e-01  6.88990e-01
2.75933e-01  6.89430e-01
2.76158e-01  6.90340e-01
2.58646e-01  6.85680e-01
2.58597e-01  6.86540e-01
2.99255e-01  6.90080e-01
2.99379e-01  6.90340e-01
2.77472e-01  6.89490e-01
2.57580e-01  6.88020e-01
3.00431e-01  6.90640e-01
2.66579e-01  6.88860e-01
2.83596e-01  6.90920e-01
2.83473e-01  6.90550e-01
2.82745e-01  6.90450e-01
2.52986e-01  6.85860e-01
2.81890e-01  6.89110e-01
2.56396e-01  6.87290e-01
2.79602e-01  6.91510e-01
2.79515e-01  6.91870e-01
2.79339e-01  6.91480e-01
2.79298e-01  6.90260e-01
2.63661e-01  6.85740e-01
2.52374e-01  6.85540e-01
2.90189e-01  6.87790e-01
2.90792e-01  6.88370e-01
2.62388e-01  6.86710e-01
2.62272e-01  6.87020e-01
2.90850e-01  6.88320e-01
2.68038e-01  6.90140e-01
2.68259e-01  6.89490e-01
2.91461e-01  6.88760e-01
2.68650e-01  6.90790e-01
2.93629e-01  6.88670e-01
2.55130e-01  6.87340e-01
2.69054e-01  6.89680e-01
2.94727e-01  6.87940e-01
2.95152e-01  6.88710e-01
2.95701e-01  6.86640e-01
2.96226e-01  6.87440e-01
2.70501e-01  6.89590e-01
2.96652e-01  6.87080e-01
2.96774e-01  6.87600e-01
2.96998e-01  6.88170e-01
2.97332e-01  6.87610e-01
2.54656e-01  6.86700e-01
2.98429e-01  6.89930e-01
2.98811e-01  6.87830e-01
2.99112e-01  6.89390e-01
2.60415e-01  6.85900e-01
2.99772e-01  6.88870e-01
3.00216e-01  6.89310e-01
2.59692e-01  6.86250e-01
2.50531e-01  6.84720e-01
2.54138e-01  6.86210e-01
2.73831e-01  6.91700e-01
2.74579e-01  6.91320e-01
2.74683e-01  6.89930e-01
2.75518e-01  6.90850e-01
2.75611e-01  6.90220e-01
2.75983e-01  6.89260e-01
2.76494e-01  6.88340e-01
2.76547e-01  6.88900e-01
2.87625e-01  6.87970e-01
2.86801e-01  6.89720e-01
2.51144e-01  6.85130e-01
2.84594e-01  6.89670e-01
2.67348e-01  6.90050e-01
2.84222e-01  6.90530e-01
2.84114e-01  6.89140e-01
2.57241e-01  6.86920e-01
2.57139e-01  6.85520e-01
2.82091e-01  6.90770e-01
2.81379e-01  6.90800e-01
2.81441e-01  6.91090e-01
2.51897e-01  6.85410e-01
2.56252e-01  6.86090e-01
2.80523e-01  6.88790e-01
2.64230e-01  6.85770e-01
2.80302e-01  6.90990e-01
2.78762e-01  6.91520e-01
2.78424e-01  6.90100e-01
2.52141e-01  6.85740e-01
2.67579e-01  6.88990e-01
2.67675e-01  6.88800e-01
2.84935e-01  6.89780e-01
2.67891e-01  6.89620e-01
2.84993e-01  6.90320e-01
2.85270e-01  6.90700e-01
2.62047e-01  6.83530e-01
2.61705e-01  6.86760e-01
2.61764e-01  6.86000e-01
2.87529e-01  6.88470e-01
2.55370e-01  6.86460e-01
2.87783e-01  6.89660e-01
2.89722e-01  6.89580e-01
2.69888e-01  6.87860e-01
2.90239e-01  6.88790e-01
2.70218e-01  6.89720e-01
2.91011e-01  6.88030e-01
2.54956e-01  6.87450e-01
2.92277e-01  6.87900e-01
2.92385e-01  6.88620e-01
2.92925e-01  6.87640e-01
2.93024e-01  6.88780e-01
2.93804e-01  6.89700e-01
2.72435e-01  6.92220e-01
2.54238e-01  6.87720e-01
2.72688e-01  6.92360e-01
2.59967e-01  6.85300e-01
2.72903e-01  6.91850e-01
2.59521e-01  6.86820e-01
2.94461e-01  6.88610e-01
2.94781e-01  6.88750e-01
2.95039e-01  6.88840e-01
2.95386e-01  6.88060e-01
2.73249e-01  6.91810e-01
2.96483e-01  6.86990e-01
2.74110e-01  6.91010e-01
2.97521e-01  6.87180e-01
2.97997e-01  6.87420e-01
2.98480e-01  6.89600e-01
2.98592e-01  6.90240e-01
2.58529e-01  6.87140e-01
2.99669e-01  6.88400e-01
2.53523e-01  6.86750e-01
2.53403e-01  6.85780e-01
2.53162e-01  6.85820e-01
2.51202e-01  6.84170e-01
2.84343e-01  6.89910e-01
2.66878e-01  6.90780e-01
2.83000e-01  6.90730e-01
2.83158e-01  6.89990e-01
2.57410e-01  6.86770e-01
2.65188e-01  6.87920e-01
2.82703e-01  6.90400e-01
2.81992e-01  6.89400e-01
2.80253e-01  6.90220e-01
2.79178e-01  6.89890e-01
2.78619e-01  6.91760e-01
2.63260e-01  6.85170e-01
2.78370e-01  6.91590e-01
2.78182e-01  6.91080e-01
2.77279e-01  6.90750e-01
2.76383e-01  6.89370e-01
2.76443e-01  6.88390e-01
2.56027e-01  6.88410e-01
2.55812e-01  6.86730e-01
2.62503e-01  6.87020e-01
2.62443e-01  6.85990e-01
2.87460e-01  6.87330e-01
2.55317e-01  6.86640e-01
2.92105e-01  6.88730e-01
2.49933e-01  6.84990e-01
2.60519e-01  6.86230e-01
2.50300e-01  6.86300e-01
2.96942e-01  6.86810e-01
2.99153e-01  6.88490e-01
2.74219e-01  6.92030e-01
2.75152e-01  6.91880e-01
2.75257e-01  6.89130e-01
2.51354e-01  6.85330e-01
2.80775e-01  6.91450e-01
2.64477e-01  6.86000e-01
2.64753e-01  6.87950e-01
2.77837e-01  6.90900e-01
2.63999e-01  6.84690e-01
2.76810e-01  6.88100e-01
2.62883e-01  6.85380e-01
2.62829e-01  6.86670e-01
2.55974e-01  6.87870e-01
2.52466e-01  6.86450e-01
2.99562e-01  6.89340e-01
2.67726e-01  6.88220e-01
2.85379e-01  6.89430e-01
2.49472e-01  6.82860e-01
2.61994e-01  6.83440e-01
2.88469e-01  6.89590e-01
2.69147e-01  6.88760e-01
2.88966e-01  6.89430e-01
2.69202e-01  6.89390e-01
2.69491e-01  6.90480e-01
2.89877e-01  6.88650e-01
2.60372e-01  6.85310e-01
2.71877e-01  6.92770e-01
2.94410e-01  6.88890e-01
2.95321e-01  6.86830e-01
2.95753e-01  6.86910e-01
2.54185e-01  6.87270e-01
2.98122e-01  6.87040e-01
2.98536e-01  6.89640e-01
2.73355e-01  6.92400e-01
2.59185e-01  6.86490e-01
2.98954e-01  6.88780e-01
2.84399e-01  6.89100e-01
2.82199e-01  6.91020e-01
2.81606e-01  6.89000e-01
2.75416e-01  6.90120e-01
2.80823e-01  6.91900e-01
2.66056e-01  6.87000e-01
2.64930e-01  6.87950e-01
2.78319e-01  6.91910e-01
2.52722e-01  6.87000e-01
2.77598e-01  6.89830e-01
2.51994e-01  6.84520e-01
2.77232e-01  6.90390e-01
2.56615e-01  6.85060e-01
2.63086e-01  6.85920e-01
3.00483e-01  6.89610e-01
2.55861e-01  6.86690e-01
2.99887e-01  6.89800e-01
2.55678e-01  6.87970e-01
2.67936e-01  6.90200e-01
2.86123e-01  6.89660e-01
2.86362e-01  6.90380e-01
2.68835e-01  6.91560e-01
2.88300e-01  6.91460e-01
2.55486e-01  6.87530e-01
2.69774e-01  6.90150e-01
2.89175e-01  6.88330e-01
2.89588e-01  6.89110e-01
2.61603e-01  6.86080e-01
2.90103e-01  6.88470e-01
2.61301e-01  6.84980e-01
2.49580e-01  6.84560e-01
2.71226e-01  6.92110e-01
2.71397e-01  6.91800e-01
2.91782e-01  6.89020e-01
2.72036e-01  6.92710e-01
2.93135e-01  6.89080e-01
2.93451e-01  6.89530e-01
2.93857e-01  6.88850e-01
2.72163e-01  6.91380e-01
2.72268e-01  6.91860e-01
2.50091e-01  6.84530e-01
2.72954e-01  6.92300e-01
2.50412e-01  6.84980e-01
2.95598e-01  6.86390e-01
2.73452e-01  6.91450e-01
2.96384e-01  6.86800e-01
2.97726e-01  6.89470e-01
2.97890e-01  6.89000e-01
2.58696e-01  6.86300e-01
2.75472e-01  6.91290e-01
3.00531e-01  6.88610e-01
2.57955e-01  6.86390e-01
2.51395e-01  6.85190e-01
2.82426e-01  6.90200e-01
2.81137e-01  6.90800e-01
2.80086e-01  6.90950e-01
2.80433e-01  6.90640e-01
2.80626e-01  6.90190e-01
2.65095e-01  6.87520e-01
2.65232e-01  6.87340e-01
2.79129e-01  6.90030e-01
2.56455e-01  6.86720e-01
2.64813e-01  6.86490e-01
2.77329e-01  6.91670e-01
2.63709e-01  6.86780e-01
2.76665e-01  6.88560e-01
2.52194e-01  6.85980e-01
2.62718e-01  6.85780e-01
2.62772e-01  6.85850e-01
2.75876e-01  6.90260e-01
2.85051e-01  6.90740e-01
2.85220e-01  6.90750e-01
2.68092e-01  6.90350e-01
2.68308e-01  6.87750e-01
2.68788e-01  6.90840e-01
2.85895e-01  6.90480e-01
2.69099e-01  6.89060e-01
2.55427e-01  6.87520e-01
2.87073e-01  6.89690e-01
2.87490e-01  6.88080e-01
2.89342e-01  6.90010e-01
2.89402e-01  6.89840e-01
2.61395e-01  6.84200e-01
2.90605e-01  6.89050e-01
2.91830e-01  6.89260e-01
2.91883e-01  6.88730e-01
2.92222e-01  6.88250e-01
2.50036e-01  6.84420e-01
2.92604e-01  6.90450e-01
2.71540e-01  6.91360e-01
2.71597e-01  6.91120e-01
2.92972e-01  6.88090e-01
2.54608e-01  6.87070e-01
2.72634e-01  6.91650e-01
2.50251e-01  6.85620e-01
2.50470e-01  6.85390e-01
2.98040e-01  6.86190e-01
2.98214e-01  6.86780e-01
2.58963e-01  6.86540e-01
3.00156e-01  6.89420e-01
2.73920e-01  6.91130e-01
3.00574e-01  6.89730e-01
3.00617e-01  6.89980e-01
2.53908e-01  6.86660e-01
2.75780e-01  6.90150e-01
2.84277e-01  6.90990e-01
2.58291e-01  6.86380e-01
2.58352e-01  6.86310e-01
2.66934e-01  6.88460e-01
2.83910e-01  6.88660e-01
2.83205e-01  6.90350e-01
2.83534e-01  6.91550e-01
2.51498e-01  6.85780e-01
2.51551e-01  6.85400e-01
2.66432e-01  6.87760e-01
2.66374e-01  6.87430e-01
2.57298e-01  6.86240e-01
2.80995e-01  6.89190e-01
2.52778e-01  6.87060e-01
2.65279e-01  6.87370e-01
2.78866e-01  6.91020e-01
2.64872e-01  6.87480e-01
2.78813e-01  6.90750e-01
2.62937e-01  6.85670e-01
2.76071e-01  6.90580e-01
2.90957e-01  6.88200e-01
2.91229e-01  6.89050e-01
2.91345e-01  6.89160e-01
2.91408e-01  6.89450e-01
2.68151e-01  6.90100e-01
2.62098e-01  6.84510e-01
2.93082e-01  6.88880e-01
2.68534e-01  6.90510e-01
2.68750e-01  6.91060e-01
2.93511e-01  6.88610e-01
2.93752e-01  6.89130e-01
2.61248e-01  6.85740e-01
2.96052e-01  6.88710e-01
2.49779e-01  6.85060e-01
2.49983e-01  6.84020e-01
2.70600e-01  6.89220e-01
2.54501e-01  6.86680e-01
2.60858e-01  6.85740e-01
2.70700e-01  6.88710e-01
2.54444e-01  6.86670e-01
2.98321e-01  6.89740e-01
2.98649e-01  6.90000e-01
2.71279e-01  6.91960e-01
2.99442e-01  6.90000e-01
2.71981e-01  6.92950e-01
2.72318e-01  6.92890e-01
2.72855e-01  6.91520e-01
2.73069e-01  6.93120e-01
2.53715e-01  6.87300e-01
2.88701e-01  6.89520e-01
2.87904e-01  6.89750e-01
2.88012e-01  6.87600e-01
2.74533e-01  6.91270e-01
2.87021e-01  6.88890e-01
2.86422e-01  6.89290e-01
2.86975e-01  6.89550e-01
2.85645e-01  6.89260e-01
2.85112e-01  6.89990e-01
2.67081e-01  6.87980e-01
2.82479e-01  6.87910e-01
2.82791e-01  6.91780e-01
2.82944e-01  6.91190e-01
2.66531e-01  6.88640e-01
2.51442e-01  6.85560e-01
2.81941e-01  6.88850e-01
2.81784e-01  6.89070e-01
2.65529e-01  6.86180e-01
2.65756e-01  6.88330e-01
2.80724e-01  6.90830e-01
2.64990e-01  6.88130e-01
2.56560e-01  6.85780e-01
2.56302e-01  6.86120e-01
2.78918e-01  6.91020e-01
2.51809e-01  6.84300e-01
2.78516e-01  6.90110e-01
2.77787e-01  6.90700e-01
2.55764e-01  6.87690e-01
2.55720e-01  6.87970e-01
2.76910e-01  6.89260e-01
2.76256e-01  6.90630e-01
2.67773e-01  6.88900e-01
2.85721e-01  6.90250e-01
2.86186e-01  6.89960e-01
2.86617e-01  6.90320e-01
2.68359e-01  6.88680e-01
2.61914e-01  6.82450e-01
2.54897e-01  6.87260e-01
2.88107e-01  6.89530e-01
2.88753e-01  6.88230e-01
2.89017e-01  6.89760e-01
2.90553e-01  6.88090e-01
2.90731e-01  6.88440e-01
2.90907e-01  6.88560e-01
2.91732e-01  6.88400e-01
2.70441e-01  6.90200e-01
2.60626e-01  6.85790e-01
2.70842e-01  6.89190e-01
2.54343e-01  6.86580e-01
2.94513e-01  6.87870e-01
2.95933e-01  6.88680e-01
2.50146e-01  6.84900e-01
2.97272e-01  6.88030e-01
2.97573e-01  6.87030e-01
2.98758e-01  6.87790e-01
2.73782e-01  6.90730e-01
2.73974e-01  6.91080e-01
2.99618e-01  6.88190e-01
2.74442e-01  6.91750e-01
2.99936e-01  6.89290e-01
2.51042e-01  6.85010e-01
2.74741e-01  6.90390e-01
2.75043e-01  6.89270e-01
2.53118e-01  6.85660e-01
2.66819e-01  6.89670e-01
2.84483e-01  6.89510e-01
2.82588e-01  6.89350e-01
2.82041e-01  6.90220e-01
2.56725e-01  6.87080e-01
2.81259e-01  6.90890e-01
2.65649e-01  6.88450e-01
2.81082e-01  6.89840e-01
2.80578e-01  6.89810e-01
2.65427e-01  6.87710e-01
2.52935e-01  6.87260e-01
2.80349e-01  6.90610e-01
2.56345e-01  6.86080e-01
2.79706e-01  6.91120e-01
2.64169e-01  6.85880e-01
2.79262e-01  6.90190e-01
2.63762e-01  6.86860e-01
2.78970e-01  6.90440e-01
2.52039e-01  6.84730e-01
2.78003e-01  6.91430e-01
2.63510e-01  6.86060e-01
2.63034e-01  6.85760e-01
2.62986e-01  6.85770e-01
2.76605e-01  6.89420e-01
2.67987e-01  6.90340e-01
2.62337e-01  6.87010e-01
2.62556e-01  6.86230e-01
2.86248e-01  6.89770e-01
2.86486e-01  6.90200e-01
2.87131e-01  6.91440e-01
2.69595e-01  6.91530e-01
2.54836e-01  6.87760e-01
2.88195e-01  6.90220e-01
2.70179e-01  6.89500e-01
2.89117e-01  6.89630e-01
2.71326e-01  6.90850e-01
2.90506e-01  6.88030e-01
2.91121e-01  6.86580e-01
2.73128e-01  6.93790e-01
2.93569e-01  6.88290e-01
2.94000e-01  6.90210e-01
2.94879e-01  6.89030e-01
2.74851e-01  6.92000e-01
2.75211e-01  6.90500e-01
2.98171e-01  6.87970e-01
2.98378e-01  6.88570e-01
2.75360e-01  6.89820e-01
2.99058e-01  6.88730e-01
2.59131e-01  6.86700e-01
2.58409e-01  6.86900e-01
2.50992e-01  6.84470e-01
2.53304e-01  6.85430e-01
2.66234e-01  6.86230e-01
2.66281e-01  6.85280e-01
2.66177e-01  6.87760e-01
2.83418e-01  6.90680e-01
2.82647e-01  6.90480e-01
2.82309e-01  6.91520e-01
2.65332e-01  6.87770e-01
2.52884e-01  6.86450e-01
2.56509e-01  6.86660e-01
2.81322e-01  6.90910e-01
2.81197e-01  6.91280e-01
2.55915e-01  6.87010e-01
2.79852e-01  6.90880e-01
2.79562e-01  6.90530e-01
2.77555e-01  6.89650e-01
2.55191e-01  6.87370e-01
2.84703e-01  6.88550e-01
2.67818e-01  6.88700e-01
2.85686e-01  6.90240e-01
2.87188e-01  6.91030e-01
2.69001e-01  6.89010e-01
2.69441e-01  6.91680e-01
2.61820e-01  6.83930e-01
2.70131e-01  6.89430e-01
2.88646e-01  6.89010e-01
2.71004e-01  6.89840e-01
2.71055e-01  6.90390e-01
2.90395e-01  6.88800e-01
2.61501e-01  6.83580e-01
2.71929e-01  6.93110e-01
2.91583e-01  6.88840e-01
2.49523e-01  6.83980e-01
2.91994e-01  6.89190e-01
2.61023e-01  6.85480e-01
2.92494e-01  6.89970e-01
2.60797e-01  6.86090e-01
2.73303e-01  6.92690e-01
2.73403e-01  6.91290e-01
2.73554e-01  6.92410e-01
2.60243e-01  6.85360e-01
2.94621e-01  6.87740e-01
2.60131e-01  6.86250e-01
2.95203e-01  6.87550e-01
2.50200e-01  6.85090e-01
2.74985e-01  6.91840e-01
2.59296e-01  6.87350e-01
2.98704e-01  6.90360e-01
2.99314e-01  6.90190e-01
3.00325e-01  6.90280e-01
2.50853e-01  6.84860e-01
2.50894e-01  6.84230e-01
2.76861e-01  6.88810e-01
2.57854e-01  6.86560e-01
2.67531e-01  6.90770e-01
2.53489e-01  6.86980e-01
2.53256e-01  6.84230e-01
2.57691e-01  6.87070e-01
2.57467e-01  6.87400e-01
2.66484e-01  6.88210e-01
2.51596e-01  6.85290e-01
2.83960e-01  6.89900e-01
2.83812e-01  6.89380e-01
2.83701e-01  6.90760e-01
2.57189e-01  6.85460e-01
2.65702e-01  6.88890e-01
2.83056e-01  6.90910e-01
2.52835e-01  6.86340e-01
2.81838e-01  6.89210e-01
2.81549e-01  6.89050e-01
2.51760e-01  6.85800e-01
2.64061e-01  6.85170e-01
2.63940e-01  6.85260e-01
2.79753e-01  6.90870e-01
2.79024e-01  6.89070e-01
2.78568e-01  6.91190e-01
2.52335e-01  6.85140e-01
2.77744e-01  6.91440e-01
2.55541e-01  6.87180e-01
2.62663e-01  6.86800e-01
2.84758e-01  6.89690e-01
2.85763e-01  6.89790e-01
2.86552e-01  6.90990e-01
2.61654e-01  6.85900e-01
2.69264e-01  6.89640e-01
2.69322e-01  6.89520e-01
2.69539e-01  6.90810e-01
2.87721e-01  6.89740e-01
2.61143e-01  6.85050e-01
2.70383e-01  6.90650e-01
2.89524e-01  6.90020e-01
2.89833e-01  6.88990e-01
2.89929e-01  6.89120e-01
2.89987e-01  6.89620e-01
2.90047e-01  6.88700e-01
2.60966e-01  6.85620e-01
2.60741e-01  6.85410e-01
2.49712e-01  6.84350e-01
2.91284e-01  6.89350e-01
2.92767e-01  6.88960e-01
2.93257e-01  6.89650e-01
2.94046e-01  6.89790e-01
2.94355e-01  6.89000e-01
2.95092e-01  6.88710e-01
2.95438e-01  6.85850e-01
2.95810e-01  6.87130e-01
2.95874e-01  6.87370e-01
2.73505e-01  6.92560e-01
2.73724e-01  6.90420e-01
2.59467e-01  6.87140e-01
2.59353e-01  6.87400e-01
2.53995e-01  6.87680e-01
2.96836e-01  6.87170e-01
2.53949e-01  6.86520e-01
2.97113e-01  6.89480e-01
2.53612e-01  6.87600e-01
2.74280e-01  6.91520e-01
2.50745e-01  6.83990e-01
2.50798e-01  6.84700e-01
2.53357e-01  6.85250e-01
2.51263e-01  6.84770e-01
2.77076e-01  6.90050e-01
2.84442e-01  6.89600e-01
2.83364e-01  6.90660e-01
2.82143e-01  6.90900e-01
2.64689e-01  6.88000e-01
2.80674e-01  6.89930e-01
2.79454e-01  6.92170e-01
2.56145e-01  6.87290e-01
2.78663e-01  6.91070e-01
2.78473e-01  6.89610e-01
2.52519e-01  6.85800e-01
2.77381e-01  6.89740e-01
2.77183e-01  6.89670e-01
2.62218e-01  6.85600e-01
2.68455e-01  6.88880e-01
2.92331e-01  6.87370e-01
2.92441e-01  6.89090e-01
2.93908e-01  6.88840e-01
2.94200e-01  6.88720e-01
2.54711e-01  6.86340e-01
2.94566e-01  6.87110e-01
2.69712e-01  6.90070e-01
2.95541e-01  6.86880e-01
2.96111e-01  6.87770e-01
2.70552e-01  6.89190e-01
2.96711e-01  6.86780e-01
2.97055e-01  6.88190e-01
2.97943e-01  6.87020e-01
2.70742e-01  6.89760e-01
2.71110e-01  6.90800e-01
2.98859e-01  6.88420e-01
2.99004e-01  6.88170e-01
2.99504e-01  6.89270e-01
2.72375e-01  6.91820e-01
2.60077e-01  6.85750e-01
2.73606e-01  6.91420e-01
2.58855e-01  6.86620e-01
2.50939e-01  6.84370e-01
2.58064e-01  6.87030e-01
2.75825e-01  6.90190e-01
2.76023e-01  6.89470e-01
2.88529e-01  6.89910e-01
2.88245e-01  6.91210e-01
2.57742e-01  6.86770e-01
2.87352e-01  6.89490e-01
2.86683e-01  6.90030e-01
2.67474e-01  6.90780e-01
2.67229e-01  6.89880e-01
2.67172e-01  6.89930e-01
2.85326e-01  6.89270e-01
2.84062e-01  6.89160e-01
2.66993e-01  6.88420e-01
2.66722e-01  6.90250e-01
2.65940e-01  6.89140e-01
2.65587e-01  6.87640e-01
2.82255e-01  6.90600e-01
2.82841e-01  6.90250e-01
2.81730e-01  6.89740e-01
2.81498e-01  6.90450e-01
2.65146e-01  6.87490e-01
2.81034e-01  6.90580e-01
2.51644e-01  6.86060e-01
2.51700e-01  6.85970e-01
2.80394e-01  6.90300e-01
2.64113e-01  6.85600e-01
2.64293e-01  6.85850e-01
2.63879e-01  6.85600e-01
2.78709e-01  6.92310e-01
2.63408e-01  6.85990e-01
2.77894e-01  6.92230e-01
2.78125e-01  6.91270e-01
2.52418e-01  6.86330e-01
2.52295e-01  6.84500e-01
2.52248e-01  6.84590e-01
2.62157e-01  6.85160e-01
2.62607e-01  6.86470e-01
2.91518e-01  6.88710e-01
2.68490e-01  6.89270e-01
2.92658e-01  6.89930e-01
2.55068e-01  6.87030e-01
2.68708e-01  6.91100e-01
2.68891e-01  6.89520e-01
2.92712e-01  6.89200e-01
2.92871e-01  6.88210e-01
2.69381e-01  6.91020e-01
2.95259e-01  6.86930e-01
2.69974e-01  6.89490e-01
2.70075e-01  6.89600e-01
2.96277e-01  6.87310e-01
2.70268e-01  6.90450e-01
2.60574e-01  6.85870e-01
2.96539e-01  6.86660e-01
2.96595e-01  6.85960e-01
2.49837e-01  6.84960e-01
2.70950e-01  6.89630e-01
2.54392e-01  6.87210e-01
2.71440e-01  6.92640e-01
2.54093e-01  6.86640e-01
2.71488e-01  6.91700e-01
2.98908e-01  6.88880e-01
2.60293e-01  6.85760e-01
2.71720e-01  6.92570e-01
2.71823e-01  6.92440e-01
2.72218e-01  6.91170e-01
2.99721e-01  6.89170e-01
2.72486e-01  6.92980e-01
2.72536e-01  6.93890e-01
3.00273e-01  6.90250e-01
3.00373e-01  6.90550e-01
2.73009e-01  6.92980e-01
2.59074e-01  6.86730e-01
2.53869e-01  6.86310e-01
2.53768e-01  6.85740e-01
2.74067e-01  6.90630e-01
2.58466e-01  6.87460e-01
2.88858e-01  6.89300e-01
2.89287e-01  6.88770e-01
2.74629e-01  6.91100e-01
2.58230e-01  6.86890e-01
2.87959e-01  6.88120e-01
2.58127e-01  6.87760e-01
2.51090e-01  6.84990e-01
2.87575e-01  6.88330e-01
2.86305e-01  6.90130e-01
2.86065e-01  6.88650e-01
2.57524e-01  6.87030e-01
2.66768e-01  6.90580e-01
2.57356e-01  6.86780e-01
2.85593e-01  6.88630e-01
2.66625e-01  6.88930e-01
2.85478e-01  6.89930e-01
2.84817e-01  6.90630e-01
2.66119e-01  6.87190e-01
2.83110e-01  6.90620e-01
2.56949e-01  6.86950e-01
2.81667e-01  6.90570e-01
2.79392e-01  6.92140e-01
2.64533e-01  6.85940e-01
2.64416e-01  6.85910e-01
2.56196e-01  6.87460e-01
2.51950e-01  6.85210e-01
2.77946e-01  6.91100e-01
2.77514e-01  6.88940e-01
2.75563e-01  6.89870e-01
2.68206e-01  6.90040e-01
2.86849e-01  6.89910e-01
2.87411e-01  6.89120e-01
2.68950e-01  6.89120e-01
2.61875e-01  6.83330e-01
2.88807e-01  6.89330e-01
2.61194e-01  6.85210e-01
2.89462e-01  6.89800e-01
2.91069e-01  6.87840e-01
2.70323e-01  6.90830e-01
2.92546e-01  6.90630e-01
2.49886e-01  6.84770e-01
2.70791e-01  6.89750e-01
2.94145e-01  6.89790e-01
2.94257e-01  6.89310e-01
2.94675e-01  6.88530e-01
2.54294e-01  6.86890e-01
2.54044e-01  6.87190e-01
2.60189e-01  6.85530e-01
2.94933e-01  6.89250e-01
2.95486e-01  6.86430e-01
2.97216e-01  6.87500e-01
2.98077e-01  6.87100e-01
2.59748e-01  6.85640e-01
2.59854e-01  6.85230e-01
2.72805e-01  6.91930e-01
2.53821e-01  6.86330e-01
2.99830e-01  6.89420e-01
3.00040e-01  6.88090e-01
2.74490e-01  6.91190e-01
2.58005e-01  6.86980e-01
2.74801e-01  6.91950e-01
2.74892e-01  6.92500e-01
2.67289e-01  6.89850e-01
2.84536e-01  6.89690e-01
2.84013e-01  6.88710e-01
2.53215e-01  6.85350e-01
2.66677e-01  6.88730e-01
2.82892e-01  6.91250e-01
2.51314e-01  6.84700e-01
2.56889e-01  6.88430e-01
2.65882e-01  6.89560e-01
2.56832e-01  6.88400e-01
2.53075e-01  6.86020e-01
2.79962e-01  6.90650e-01
2.52670e-01  6.86050e-01
2.78229e-01  6.90860e-01
2.79219e-01  6.90060e-01
2.79655e-01  6.91460e-01
2.78065e-01  6.90350e-01
2.77426e-01  6.89900e-01
2.77643e-01  6.90100e-01
2.77130e-01  6.90370e-01
2.77018e-01  6.90020e-01
2.76712e-01  6.88290e-01
2.76756e-01  6.88370e-01
2.76113e-01  6.90070e-01
2.63559e-01  6.87260e-01
2.75667e-01  6.90930e-01
2.75727e-01  6.89610e-01
2.55591e-01  6.87620e-01
2.55257e-01  6.86540e-01
